0 0.255 0.14416666666666667 0.20333333333333334 0.24833333333333335
0 0.18333333333333335 0.41833333333333333 0.23 0.23333333333333334
0 0.3175 0.42583333333333334 0.03833333333333334 0.21833333333333335
0 0.4191666666666667 0.43583333333333335 0.19833333333333333 0.2816666666666667
0 0.445 0.16416666666666668 0.19666666666666668 0.265
0 0.6075 0.18333333333333335 0.16166666666666668 0.27
0 0.7691666666666667 0.17916666666666667 0.18166666666666667 0.27166666666666667
0 0.5533333333333333 0.33666666666666667 0.0 0.0
0 0.6358333333333334 0.48333333333333334 0.195 0.26666666666666666
0 0.8425 0.4716666666666667 0.18166666666666667 0.30333333333333334
0 0.24500000000000002 0.7725000000000001 0.23333333333333334 0.255
0 0.42750000000000005 0.795 0.18166666666666667 0.30333333333333334
0 0.5891666666666667 0.7933333333333333 0.18166666666666667 0.2866666666666667
0 0.7983333333333333 0.8166666666666668 0.23333333333333334 0.31
