0 0.2593333333333333 0.2513333333333333 0.26266666666666666 0.23333333333333334
0 0.5053333333333333 0.268 0.21066666666666667 0.16533333333333333
0 0.7266666666666667 0.2573333333333333 0.216 0.22666666666666666
0 0.26866666666666666 0.5446666666666666 0.18266666666666667 0.252
0 0.438 0.5473333333333333 0.16666666666666666 0.2813333333333333
0 0.602 0.5499999999999999 0.15866666666666665 0.2733333333333333
0 0.7566666666666666 0.5313333333333333 0.18 0.2733333333333333
0 0.30266666666666664 0.776 0.20266666666666666 0.21866666666666665
0 0.512 0.7893333333333333 0.208 0.18133333333333332
0 0.7206666666666667 0.7866666666666666 0.20133333333333334 0.192
