0 0.598046875 0.5333333333333333 0.20546875 0.5388888888888889
0 0.83203125 0.5993055555555555 0.2 0.3680555555555556
0 0.40546875000000004 0.6083333333333334 0.140625 0.37222222222222223
0 0.197265625 0.6236111111111111 0.15234375 0.36388888888888893
0 0.05234375 0.6013888888888889 0.0421875 0.34444444444444444
0 0.195703125 0.26944444444444443 0.10390625 0.09722222222222222
0 0.342578125 0.26805555555555555 0.11171875 0.14166666666666666
0 0.472265625 0.2576388888888889 0.06015625 0.09861111111111112
0 0.30898437500000003 0.14097222222222222 0.08515625 0.08194444444444444
0 0.42031250000000003 0.14305555555555557 0.06875 0.075
0 0.560546875 0.1513888888888889 0.09453125000000001 0.08055555555555556
0 0.703125 0.1486111111111111 0.08125 0.075
0 0.84765625 0.23055555555555557 0.09531250000000001 0.20555555555555557
0 0.787109375 0.12152777777777778 0.06640625 0.04861111111111111
0 0.172265625 0.13472222222222222 0.08828125 0.05277777777777778
0 0.059375000000000004 0.11319444444444444 0.051562500000000004 0.1125
0 0.06953125 0.28402777777777777 0.07187500000000001 0.10138888888888889
0 0.92890625 0.12569444444444444 0.0671875 0.09583333333333334
0 0.952734375 0.24722222222222223 0.030468750000000003 0.10833333333333334
0 0.9574218750000001 0.5930555555555556 0.02734375 0.4083333333333333
