0 0.49500000000000005 0.4119047619047619 0.41000000000000003 0.6492063492063492
0 0.8400000000000001 0.4936507936507937 0.23500000000000001 0.5777777777777777
0 0.33916666666666667 0.7277777777777777 0.395 0.06825396825396825
0 0.67 0.8793650793650793 0.265 0.22857142857142856
0 0.1729166666666667 0.5587301587301587 0.28583333333333333 0.4857142857142857
0 0.08833333333333333 0.16825396825396827 0.16166666666666668 0.30793650793650795
0 0.06041666666666667 0.915079365079365 0.11416666666666668 0.16031746031746033
0 0.9058333333333334 0.0873015873015873 0.18000000000000002 0.15873015873015872
0 0.6625000000000001 0.10238095238095238 0.26166666666666666 0.19523809523809524
0 0.29125 0.15158730158730158 0.20083333333333334 0.2841269841269841
