0 0.6358333333333334 0.57625 0.2516666666666667 0.5775
0 0.9108333333333334 0.62125 0.165 0.5075000000000001
0 0.3725 0.6225 0.24166666666666667 0.445
0 0.10916666666666668 0.625 0.17833333333333334 0.43
0 0.28750000000000003 0.26 0.10833333333333334 0.17
0 0.09333333333333334 0.2425 0.1366666666666667 0.115
0 0.24833333333333335 0.10125 0.14666666666666667 0.14250000000000002
0 0.42000000000000004 0.14875 0.12000000000000001 0.17250000000000001
0 0.5775 0.15375 0.115 0.1625
0 0.9141666666666667 0.1775 0.14166666666666666 0.215
