0 0.40625 0.725 0.09062500000000001 0.15416666666666667
0 0.5476562500000001 0.7552083333333334 0.0859375 0.12708333333333333
0 0.134375 0.7635416666666667 0.109375 0.18125
0 0.27734375 0.725 0.0890625 0.125
0 0.21171875 0.7375 0.051562500000000004 0.15416666666666667
0 0.03671875 0.7760416666666666 0.0578125 0.21875
0 0.2859375 0.9020833333333333 0.278125 0.18333333333333332
0 0.6312500000000001 0.91875 0.30625 0.16666666666666666
0 0.73984375 0.875 0.2265625 0.19166666666666665
0 0.89765625 0.8583333333333333 0.1640625 0.1875
0 0.89765625 0.7135416666666666 0.1171875 0.10208333333333333
0 0.815625 0.7083333333333334 0.09062500000000001 0.12083333333333333
0 0.73359375 0.6885416666666666 0.07968750000000001 0.14375
0 0.48203125 0.6958333333333333 0.0390625 0.07916666666666666
0 0.20234375000000002 0.6958333333333333 0.0421875 0.06666666666666667
0 0.1203125 0.6333333333333333 0.05625 0.04583333333333333
