0 0.4091796875 0.4293893129770992 0.095703125 0.416030534351145
0 0.2685546875 0.40458015267175573 0.169921875 0.47328244274809156
0 0.7861328125 0.8587786259541984 0.255859375 0.2748091603053435
0 0.421875 0.8721374045801527 0.26953125 0.25572519083969464
0 0.2412109375 0.7137404580152672 0.095703125 0.282442748091603
0 0.0810546875 0.8625954198473282 0.134765625 0.2900763358778626
0 0.7060546875 0.6755725190839694 0.099609375 0.1984732824427481
0 0.8115234375 0.6889312977099237 0.115234375 0.13358778625954199
0 0.9013671875 0.6469465648854962 0.076171875 0.16412213740458015
0 0.953125 0.8091603053435115 0.08984375 0.25190839694656486
