0 0.5364583333333334 0.4527777777777778 0.16041666666666665 0.35555555555555557
0 0.8489583333333334 0.46944444444444444 0.26875 0.24444444444444446
0 0.8624999999999999 0.7069444444444445 0.2375 0.28055555555555556
0 0.325 0.7277777777777779 0.31666666666666665 0.2833333333333333
0 0.08645833333333333 0.6583333333333333 0.13125 0.4166666666666667
0 0.2375 0.3402777777777778 0.18333333333333332 0.3527777777777778
0 0.3614583333333333 0.2888888888888889 0.12291666666666666 0.2555555555555556
0 0.6072916666666667 0.2555555555555556 0.16041666666666665 0.2111111111111111
0 0.8010416666666667 0.25833333333333336 0.14791666666666667 0.18888888888888888
0 0.06979166666666667 0.2833333333333333 0.10208333333333333 0.24444444444444446
